# Created by Octave 4.0.0, Wed May 25 17:36:41 2016 CST <wayne@wayne-Inspiron-5557>
# name: Traj
# type: cell
# rows: 100
# columns: 1
# name: <cell-element>
# type: matrix
# rows: 25
# columns: 4
 1 3 0 1
 1 1 0 6
 6 3 0 1
 1 3 0 1
 1 1 0 6
 6 1 0 11
 11 4 0 11
 11 3 0 7
 7 4 -3 1
 1 1 0 6
 6 1 0 11
 11 2 0 17
 17 2 0 13
 13 1 -4 17
 17 1 0 22
 22 4 -3 21
 21 3 0 16
 16 4 0 16
 16 3 0 11
 11 4 0 11
 11 1 0 16
 16 1 0 21
 21 1 0 21
 21 2 0 22
 22 1 -3 22


# name: <cell-element>
# type: matrix
# rows: 25
# columns: 4
 1 1 0 6
 6 2 0 7
 7 1 -3 12
 12 4 -4 11
 11 1 0 16
 16 2 0 17
 17 2 0 18
 18 3 0 13
 13 4 -4 12
 12 4 -4 11
 11 2 0 12
 12 2 -4 13
 13 2 -4 14
 14 3 -3 9
 9 2 1 10
 10 2 1 10
 10 3 1 5
 5 1 1 9
 9 4 1 8
 8 2 1 9
 9 3 1 3
 3 4 -3 2
 2 4 -4 1
 1 1 0 6
 6 3 0 1


# name: <cell-element>
# type: matrix
# rows: 25
# columns: 4
 1 1 0 6
 6 3 0 1
 1 3 0 1
 1 4 0 1
 1 1 0 6
 6 4 0 6
 6 1 0 12
 12 4 -4 11
 11 3 0 6
 6 3 0 1
 1 4 0 1
 1 1 0 6
 6 3 0 1
 1 2 0 2
 2 1 -4 7
 7 3 -3 2
 2 3 -4 2
 2 2 -4 3
 3 1 -3 8
 8 4 1 12
 12 2 -4 13
 13 2 -4 14
 14 1 -3 19
 19 2 0 20
 20 3 1 15


# name: <cell-element>
# type: matrix
# rows: 25
# columns: 4
 1 4 0 1
 1 4 0 1
 1 3 0 1
 1 1 0 7
 7 3 -3 2
 2 2 -4 3
 3 2 -3 4
 4 4 1 3
 3 1 -3 8
 8 2 1 9
 9 3 1 5
 5 2 1 5
 5 1 1 10
 10 1 1 15
 15 3 -3 10
 10 4 1 14
 14 2 -3 15
 15 4 -3 14
 14 2 -3 15
 15 2 -3 15
 15 1 -3 20
 20 4 1 19
 19 1 0 23
 23 3 -3 18
 18 4 0 17


# name: <cell-element>
# type: matrix
# rows: 25
# columns: 4
 1 3 0 1
 1 4 0 1
 1 3 0 1
 1 2 0 2
 2 2 -4 3
 3 2 -3 4
 4 2 1 5
 5 2 1 5
 5 2 1 5
 5 3 1 5
 5 1 1 10
 10 1 1 15
 15 1 -3 20
 20 4 1 14
 14 2 -3 20
 20 4 1 19
 19 2 0 20
 20 1 1 25
 25 3 5 25
 25 1 5 25
 25 1 5 25
 25 2 5 25
 25 4 5 25
 25 2 5 25
 25 4 5 25


# name: <cell-element>
# type: matrix
# rows: 25
# columns: 4
 1 2 0 2
 2 2 -4 3
 3 1 -3 8
 8 4 1 7
 7 1 -3 12
 12 3 -4 6
 6 2 0 7
 7 4 -3 6
 6 4 0 6
 6 1 0 11
 11 4 0 11
 11 1 0 17
 17 4 0 16
 16 4 0 16
 16 1 0 21
 21 2 0 17
 17 3 0 11
 11 4 0 11
 11 3 0 6
 6 1 0 11
 11 3 0 7
 7 1 -3 12
 12 2 -4 13
 13 4 -4 12
 12 3 -4 7


# name: <cell-element>
# type: matrix
# rows: 25
# columns: 4
 1 1 0 6
 6 2 0 2
 2 2 -4 8
 8 4 1 7
 7 2 -3 8
 8 2 1 9
 9 2 1 10
 10 3 1 5
 5 2 1 5
 5 3 1 5
 5 4 1 4
 4 2 1 5
 5 3 1 5
 5 2 1 5
 5 2 1 5
 5 1 1 10
 10 1 1 15
 15 1 -3 20
 20 4 1 19
 19 4 0 18
 18 2 0 19
 19 4 0 18
 18 1 0 23
 23 1 -3 23
 23 2 -3 19


# name: <cell-element>
# type: matrix
# rows: 25
# columns: 4
 1 2 0 7
 7 2 -3 3
 3 4 -3 2
 2 4 -4 1
 1 3 0 1
 1 2 0 2
 2 1 -4 7
 7 3 -3 2
 2 1 -4 7
 7 3 -3 2
 2 4 -4 1
 1 2 0 2
 2 4 -4 1
 1 4 0 1
 1 2 0 2
 2 2 -4 3
 3 2 -3 9
 9 2 1 10
 10 3 1 5
 5 3 1 5
 5 4 1 4
 4 1 1 9
 9 3 1 4
 4 4 1 3
 3 2 -3 4


# name: <cell-element>
# type: matrix
# rows: 25
# columns: 4
 1 3 0 1
 1 4 0 1
 1 1 0 6
 6 3 0 1
 1 2 0 2
 2 1 -4 7
 7 3 -3 2
 2 2 -4 3
 3 4 -3 2
 2 2 -4 3
 3 1 -3 8
 8 1 1 13
 13 1 -4 18
 18 3 0 14
 14 4 -3 13
 13 4 -4 12
 12 3 -4 7
 7 1 -3 13
 13 3 -4 8
 8 4 1 7
 7 4 -3 6
 6 3 0 1
 1 1 0 6
 6 2 0 7
 7 4 -3 6


# name: <cell-element>
# type: matrix
# rows: 25
# columns: 4
 1 1 0 6
 6 4 0 6
 6 4 0 6
 6 2 0 7
 7 3 -3 2
 2 3 -4 2
 2 2 -4 3
 3 4 -3 2
 2 4 -4 6
 6 1 0 12
 12 2 -4 13
 13 4 -4 12
 12 4 -4 11
 11 1 0 16
 16 3 0 11
 11 4 0 11
 11 4 0 11
 11 1 0 16
 16 3 0 11
 11 4 0 11
 11 2 0 12
 12 1 -4 17
 17 3 0 12
 12 3 -4 6
 6 3 0 1


# name: <cell-element>
# type: matrix
# rows: 25
# columns: 4
 1 1 0 6
 6 2 0 2
 2 1 -4 6
 6 3 0 1
 1 2 0 2
 2 1 -4 7
 7 2 -3 8
 8 2 1 9
 9 4 1 3
 3 3 -3 3
 3 1 -3 8
 8 2 1 9
 9 3 1 4
 4 2 1 5
 5 3 1 5
 5 1 1 10
 10 1 1 15
 15 4 -3 19
 19 3 0 14
 14 4 -3 13
 13 1 -4 18
 18 2 0 19
 19 3 0 14
 14 1 -3 19
 19 1 0 24


# name: <cell-element>
# type: matrix
# rows: 25
# columns: 4
 1 3 0 1
 1 1 0 6
 6 4 0 6
 6 4 0 6
 6 3 0 1
 1 4 0 1
 1 2 0 2
 2 1 -4 7
 7 3 -3 2
 2 2 -4 3
 3 1 -3 8
 8 1 1 13
 13 2 -4 14
 14 2 -3 15
 15 1 -3 20
 20 3 1 15
 15 2 -3 15
 15 2 -3 15
 15 4 -3 14
 14 2 -3 15
 15 3 -3 10
 10 1 1 15
 15 4 -3 19
 19 4 0 18
 18 2 0 19


# name: <cell-element>
# type: matrix
# rows: 25
# columns: 4
 1 4 0 1
 1 1 0 6
 6 3 0 2
 2 4 -4 1
 1 3 0 1
 1 4 0 1
 1 4 0 1
 1 2 0 2
 2 3 -4 2
 2 3 -4 2
 2 4 -4 1
 1 1 0 6
 6 3 0 1
 1 4 0 1
 1 1 0 6
 6 1 0 12
 12 3 -4 8
 8 1 1 13
 13 4 -4 12
 12 4 -4 11
 11 1 0 16
 16 3 0 11
 11 1 0 16
 16 4 0 16
 16 2 0 17


# name: <cell-element>
# type: matrix
# rows: 25
# columns: 4
 1 2 0 2
 2 2 -4 8
 8 3 1 4
 4 2 1 10
 10 3 1 4
 4 4 1 3
 3 3 -3 3
 3 1 -3 8
 8 2 1 4
 4 2 1 5
 5 1 1 10
 10 3 1 5
 5 4 1 4
 4 3 1 4
 4 4 1 3
 3 3 -3 3
 3 2 -3 4
 4 1 1 9
 9 3 1 5
 5 3 1 5
 5 2 1 5
 5 4 1 4
 4 1 1 8
 8 3 1 3
 3 4 -3 2


# name: <cell-element>
# type: matrix
# rows: 25
# columns: 4
 1 3 0 1
 1 1 0 6
 6 2 0 12
 12 2 -4 13
 13 3 -4 8
 8 4 1 12
 12 2 -4 13
 13 2 -4 14
 14 1 -3 19
 19 3 0 13
 13 2 -4 14
 14 2 -3 10
 10 1 1 15
 15 1 -3 20
 20 3 1 15
 15 2 -3 15
 15 3 -3 9
 9 1 1 15
 15 4 -3 14
 14 2 -3 15
 15 4 -3 14
 14 4 -3 13
 13 1 -4 18
 18 3 0 13
 13 1 -4 18


# name: <cell-element>
# type: matrix
# rows: 25
# columns: 4
 1 1 0 6
 6 3 0 2
 2 4 -4 1
 1 2 0 2
 2 1 -4 7
 7 1 -3 12
 12 4 -4 11
 11 2 0 12
 12 1 -4 17
 17 1 0 22
 22 4 -3 21
 21 3 0 16
 16 1 0 21
 21 1 0 21
 21 1 0 21
 21 1 0 21
 21 4 0 21
 21 1 0 21
 21 1 0 21
 21 3 0 16
 16 1 0 21
 21 4 0 21
 21 3 0 16
 16 1 0 21
 21 4 0 21


# name: <cell-element>
# type: matrix
# rows: 25
# columns: 4
 1 2 0 7
 7 3 -3 2
 2 3 -4 2
 2 1 -4 7
 7 3 -3 2
 2 4 -4 6
 6 1 0 11
 11 1 0 16
 16 1 0 21
 21 1 0 21
 21 2 0 22
 22 1 -3 22
 22 2 -3 18
 18 1 0 24
 24 1 -3 24
 24 2 -3 20
 20 4 1 19
 19 2 0 20
 20 3 1 14
 14 3 -3 9
 9 3 1 4
 4 3 1 4
 4 2 1 5
 5 4 1 4
 4 1 1 9


# name: <cell-element>
# type: matrix
# rows: 25
# columns: 4
 1 3 0 1
 1 1 0 6
 6 3 0 1
 1 1 0 7
 7 1 -3 11
 11 4 0 11
 11 3 0 6
 6 3 0 1
 1 2 0 2
 2 4 -4 1
 1 3 0 1
 1 3 0 1
 1 3 0 1
 1 2 0 2
 2 4 -4 1
 1 3 0 1
 1 2 0 2
 2 3 -4 2
 2 4 -4 1
 1 3 0 1
 1 4 0 1
 1 2 0 2
 2 2 -4 3
 3 1 -3 8
 8 3 1 2


# name: <cell-element>
# type: matrix
# rows: 25
# columns: 4
 1 1 0 6
 6 4 0 6
 6 2 0 7
 7 2 -3 8
 8 2 1 9
 9 1 1 15
 15 2 -3 15
 15 2 -3 15
 15 4 -3 19
 19 2 0 20
 20 1 1 25
 25 4 5 25
 25 4 5 25
 25 4 5 25
 25 4 5 25
 25 2 5 25
 25 4 5 25
 25 4 5 25
 25 1 5 25
 25 3 5 25
 25 1 5 25
 25 4 5 25
 25 1 5 25
 25 4 5 25
 25 1 5 25


# name: <cell-element>
# type: matrix
# rows: 25
# columns: 4
 1 1 0 6
 6 3 0 1
 1 3 0 1
 1 3 0 1
 1 4 0 1
 1 4 0 1
 1 4 0 1
 1 1 0 6
 6 1 0 11
 11 2 0 12
 12 1 -4 17
 17 4 0 16
 16 3 0 12
 12 3 -4 6
 6 3 0 1
 1 1 0 6
 6 2 0 7
 7 2 -3 8
 8 4 1 12
 12 1 -4 17
 17 3 0 12
 12 1 -4 17
 17 2 0 18
 18 2 0 19
 19 1 0 24


# name: <cell-element>
# type: matrix
# rows: 25
# columns: 4
 1 4 0 1
 1 2 0 2
 2 4 -4 1
 1 3 0 1
 1 1 0 6
 6 3 0 1
 1 4 0 1
 1 4 0 1
 1 2 0 2
 2 2 -4 3
 3 3 -3 3
 3 4 -3 2
 2 1 -4 7
 7 3 -3 2
 2 3 -4 2
 2 4 -4 1
 1 4 0 1
 1 2 0 2
 2 4 -4 1
 1 4 0 1
 1 2 0 2
 2 3 -4 2
 2 2 -4 3
 3 4 -3 2
 2 4 -4 6


# name: <cell-element>
# type: matrix
# rows: 25
# columns: 4
 1 2 0 2
 2 3 -4 2
 2 3 -4 2
 2 2 -4 3
 3 3 -3 3
 3 4 -3 2
 2 4 -4 1
 1 1 0 6
 6 4 0 6
 6 3 0 1
 1 1 0 6
 6 2 0 2
 2 1 -4 7
 7 3 -3 2
 2 2 -4 8
 8 1 1 13
 13 3 -4 8
 8 4 1 7
 7 2 -3 3
 3 2 -3 4
 4 3 1 4
 4 4 1 3
 3 2 -3 4
 4 4 1 8
 8 3 1 3


# name: <cell-element>
# type: matrix
# rows: 25
# columns: 4
 1 2 0 2
 2 1 -4 7
 7 1 -3 12
 12 2 -4 13
 13 2 -4 14
 14 1 -3 19
 19 1 0 24
 24 3 -3 19
 19 2 0 20
 20 1 1 25
 25 2 5 25
 25 4 5 25
 25 4 5 25
 25 1 5 25
 25 3 5 25
 25 2 5 25
 25 4 5 25
 25 2 5 25
 25 4 5 25
 25 3 5 25
 25 1 5 25
 25 1 5 25
 25 4 5 25
 25 4 5 25
 25 2 5 25


# name: <cell-element>
# type: matrix
# rows: 25
# columns: 4
 1 2 0 7
 7 2 -3 8
 8 2 1 14
 14 2 -3 15
 15 1 -3 20
 20 2 1 20
 20 3 1 15
 15 2 -3 15
 15 1 -3 20
 20 3 1 15
 15 4 -3 14
 14 1 -3 19
 19 1 0 23
 23 4 -3 22
 22 3 -3 17
 17 2 0 18
 18 2 0 19
 19 4 0 18
 18 1 0 23
 23 1 -3 23
 23 1 -3 23
 23 4 -3 22
 22 2 -3 23
 23 1 -3 23
 23 3 -3 18


