# Created by Octave 4.0.0, Wed May 25 17:36:40 2016 CST <wayne@wayne-Inspiron-5557>
# name: V
# type: matrix
# rows: 25
# columns: 1
 67.99161620519968
 70.97663741607737
 77.19428242464872
 79.89980684684433
 82.69809510041307
 71.42123067717209
 76.16200913439428
 79.83784536699689
 83.04236526201937
 86.33701896056337
 75.15532375171283
 79.70896659238126
 84.84094528404199
 89.92950423344193
 94.50620048440462
 78.58883385236331
 83.90305005633509
 89.32282500096161
 94.67170796557272
 98.97248849953627
 76.88677058988348
 83.77081440626996
 91.2201781588698
 99.33861202897661
 99.81802846835629


