# Created by Octave 4.0.0, Wed May 25 17:36:40 2016 CST <wayne@wayne-Inspiron-5557>
# name: V_norm
# type: matrix
# rows: 25
# columns: 1
 0
 0.09379069139795115
 0.2891518573742092
 0.3741606356123903
 0.4620840946071115
 0.1077600090017893
 0.2567173724024477
 0.3722137784129325
 0.4729012158949182
 0.5764206974909637
 0.2250868708442552
 0.3681643501094845
 0.5294133985170455
 0.689298179350185
 0.833100006999506
 0.33296928222825
 0.4999443141618277
 0.6702360485808105
 0.838300325521104
 0.9734327588724524
 0.2794896990315542
 0.4957894113417505
 0.72985172697459
 0.9849365226775917
 1


